0 0 2.958e-01 disp 1.0000 1841.26 
0 1 8.886e-02 disp 0.5000 2789.02 
0 2 4.473e-02 disp 0.9485 3360.22 
0 3 1.880e-02 disp 0.7818 3873.95 
0 4 6.435e-03 disp 1.0748 4377.45 
0 5 1.520e-03 disp 0.8811 4882.41 
0 6 1.443e-03 disp 0.4678 5394.28 
0 7 1.299e-03 disp 0.4909 5904.69 
0 8 1.052e-03 disp 2.0000 6414.58 
0 9 8.958e-04 disp 2.0000 6934.62 
0 10 1.451e-03 disp 0.1000 7470.73 
0 11 1.696e-03 disp 0.1000 7980.06 
0 12 1.593e-03 disp 1.5807 8490.92 
0 13 7.559e-04 disp 1.1838 9002.29 
0 14 1.379e-03 disp 0.3322 9514.36 
0 15 1.303e-03 disp 0.2951 10023.97 
0 16 9.549e-04 disp 1.1276 10554.46 
0 17 3.999e-04 disp 1.4711 11100.66 
0 18 1.038e-03 disp 0.1000 11647.74 
0 19 1.182e-03 disp 0.1000 12170.03 
0 20 1.042e-03 disp 0.6953 12675.13 
0 21 8.493e-04 disp 1.6810 13182.50 
0 22 3.961e-04 disp 2.0000 13695.44 
0 23 1.072e-03 disp 0.1000 14204.60 
0 24 1.271e-03 disp 0.1000 14708.87 
0 25 1.237e-03 disp 2.0000 15216.94 
0 26 1.353e-03 disp 1.1301 15726.56 
0 27 1.392e-03 disp 0.4747 16233.52 
0 28 9.746e-04 disp 1.8182 16741.95 
0 29 5.828e-04 disp 1.2678 17247.83 
0 30 1.093e-03 disp 0.3429 17757.20 
0 31 9.419e-04 disp 2.0000 18266.07 
0 32 9.021e-04 disp 1.1574 18772.37 
0 33 1.170e-03 disp 0.4545 19281.04 
0 34 8.286e-04 disp 1.7856 19790.46 
0 35 5.996e-04 disp 1.2255 20300.78 
0 36 8.815e-04 disp 0.3881 20813.07 
0 37 7.938e-04 disp 1.5316 21318.34 
0 38 3.818e-04 disp 1.2066 21832.32 
0 39 7.027e-04 disp 0.2871 22336.37 
0 40 6.679e-04 disp 1.4340 22848.56 
0 41 2.110e-04 disp 1.2995 23363.07 
0 42 6.227e-04 disp 0.1411 23874.06 
0 43 6.517e-04 disp 0.1000 24381.88 
0 44 6.515e-04 disp 2.0000 24890.24 
0 45 5.837e-04 disp 1.2335 25398.18 
0 46 8.281e-04 disp 0.4184 25906.27 
0 47 6.660e-04 disp 1.8479 26418.49 
0 48 4.794e-04 disp 1.2128 26925.20 
0 49 7.147e-04 disp 0.3926 27432.64 
0 50 6.140e-04 disp 1.7516 27937.65 
0 51 4.109e-04 disp 1.2508 28452.01 
0 52 6.466e-04 disp 0.3423 28983.98 
0 53 5.841e-04 disp 2.0000 29504.96 
0 54 5.375e-04 disp 1.1932 30012.98 
0 55 6.903e-04 disp 0.4335 30520.70 
0 56 5.100e-04 disp 1.4639 31027.58 
0 57 2.377e-04 disp 1.2680 31551.44 
0 58 5.083e-04 disp 0.1913 32077.72 
0 59 5.670e-04 disp 0.1000 32598.14 
0 60 5.600e-04 disp 2.0000 33115.66 
0 61 5.346e-04 disp 1.1546 33622.65 
0 62 6.088e-04 disp 0.4547 34138.73 
0 63 4.901e-04 disp 1.9665 34644.11 
0 64 4.946e-04 disp 1.1658 35153.11 
0 65 5.706e-04 disp 0.4410 35662.58 
0 66 4.566e-04 disp 1.7346 36173.06 
0 67 3.597e-04 disp 1.1928 36685.35 
0 68 4.816e-04 disp 0.3643 37192.47 
0 69 3.985e-04 disp 1.7458 37697.64 
0 70 3.639e-04 disp 1.2094 38208.76 
0 71 4.893e-04 disp 0.3577 38713.91 
0 72 3.824e-04 disp 1.7228 39221.57 
0 73 3.399e-04 disp 1.2437 39731.44 
0 74 3.733e-04 disp 0.3430 40240.44 
0 75 3.767e-04 disp 1.8643 40744.37 
0 76 3.128e-04 disp 1.2432 41254.40 
0 77 3.650e-04 disp 0.3794 41759.62 
0 78 3.517e-04 disp 1.8369 42264.12 
0 79 2.818e-04 disp 1.1858 42771.32 
0 80 3.688e-04 disp 0.3988 43279.15 
0 81 3.250e-04 disp 1.7251 43784.02 
0 82 2.749e-04 disp 1.2157 44296.86 
0 83 3.426e-04 disp 0.3387 44802.13 
0 84 3.153e-04 disp 1.5996 45307.10 
0 85 2.567e-04 disp 1.2299 45830.17 
0 86 3.031e-04 disp 0.2979 46340.54 
0 87 3.056e-04 disp 1.0661 46842.34 
0 88 1.450e-04 disp 1.2471 47362.09 
0 89 2.186e-04 disp 0.1000 47865.93 
0 90 2.503e-04 disp 0.1000 48372.40 
0 91 2.536e-04 disp 0.1000 48876.20 
0 92 2.410e-04 disp 1.0695 49383.24 
0 93 1.398e-04 disp 1.6679 49886.12 
0 94 2.243e-04 disp 0.1000 50398.08 
0 95 2.556e-04 disp 0.1000 50901.16 
0 96 2.479e-04 disp 0.9689 51406.57 
0 97 1.456e-04 disp 1.4408 51911.60 
0 98 2.182e-04 disp 0.1000 52419.59 
0 99 2.298e-04 disp 0.1000 52925.88 
0 100 2.409e-04 disp 0.1000 53424.42 
0 101 2.400e-04 disp 1.0132 53927.17 
0 102 1.081e-04 disp 1.4932 54438.60 
0 103 1.859e-04 disp 0.1000 54948.31 
0 104 2.194e-04 disp 0.1000 55450.75 
0 105 2.143e-04 disp 0.6755 55954.74 
0 106 1.537e-04 disp 1.3944 56456.88 
0 107 1.588e-04 disp 0.6285 56965.43 
0 108 1.606e-04 disp 0.1000 57466.09 
0 109 1.686e-04 disp 0.1000 57966.86 
0 110 1.751e-04 disp 0.1000 58465.35 
0 111 1.575e-04 disp 0.9671 58966.49 
0 112 1.426e-04 disp 1.6575 59472.60 
0 113 1.697e-04 disp 0.4116 60003.89 
0 114 1.626e-04 disp 0.1000 60508.87 
0 115 1.730e-04 disp 0.1000 61012.62 
0 116 1.699e-04 disp 0.1000 61515.22 
0 117 1.594e-04 disp 0.8981 62018.86 
0 118 1.311e-04 disp 1.6570 62524.82 
0 119 1.562e-04 disp 0.4858 63051.16 
0 120 1.613e-04 disp 0.1000 63554.05 
0 121 1.695e-04 disp 0.1000 64053.04 
0 122 1.662e-04 disp 0.8833 64555.43 
0 123 1.222e-04 disp 1.3828 65061.33 
0 124 1.263e-04 disp 0.6692 65579.68 
0 125 1.456e-04 disp 0.1000 66079.83 
0 126 1.606e-04 disp 0.1000 66578.63 
0 127 1.640e-04 disp 0.1000 67077.66 
0 128 1.553e-04 disp 1.1107 67576.99 
0 129 1.295e-04 disp 1.6220 68082.76 
0 130 1.967e-04 disp 0.1000 68587.94 
0 131 2.233e-04 disp 0.1000 69086.88 
0 132 2.208e-04 disp 0.1000 69587.79 
0 133 2.151e-04 disp 0.9487 70090.29 
0 134 1.172e-04 disp 1.2277 70600.17 
0 135 1.641e-04 disp 0.1000 71106.95 
0 136 1.919e-04 disp 0.1000 71606.29 
0 137 1.768e-04 disp 0.6800 72111.30 
0 138 1.169e-04 disp 1.4335 72611.34 
0 139 1.242e-04 disp 0.7928 73132.84 
0 140 1.264e-04 disp 0.1000 73633.80 
0 141 1.390e-04 disp 0.1000 74133.66 
0 142 1.324e-04 disp 0.4592 74633.63 
0 143 1.001e-04 disp 1.3132 75135.11 
0 144 1.223e-04 disp 1.0154 75656.05 
0 145 1.128e-04 disp 0.1659 76155.71 
0 146 1.275e-04 disp 0.1000 76649.99 
0 147 1.258e-04 disp 0.2742 77147.36 
0 148 1.166e-04 disp 1.2922 77642.59 
0 149 1.081e-04 disp 1.5036 78165.22 
0 150 1.331e-04 disp 0.1000 78665.16 
0 151 1.649e-04 disp 0.1000 79161.40 
0 152 1.566e-04 disp 0.9199 79658.61 
0 153 8.200e-05 disp 1.3225 80166.38 
1 0 4.162e-03 jac 0.5000 80757.75 
1 1 9.418e-02 disp 0.5000 81343.00 
1 2 4.346e-02 disp 0.8675 81922.77 
1 3 2.051e-02 disp 0.6128 82524.14 
1 4 9.451e-03 disp 1.1252 83124.72 
1 5 4.211e-03 disp 0.8119 83719.07 
1 6 2.325e-03 disp 0.6121 84325.38 
1 7 2.050e-03 disp 0.1000 84927.83 
1 8 2.143e-03 disp 0.1000 85526.23 
1 9 2.115e-03 disp 1.5346 86120.61 
1 10 8.779e-04 disp 1.6780 86763.68 
1 11 2.660e-03 disp 0.1000 87346.00 
1 12 2.762e-03 disp 0.1000 87922.11 
1 13 2.674e-03 disp 2.0000 88499.34 
1 14 2.450e-03 disp 1.0999 89073.09 
1 15 2.600e-03 disp 0.4951 89649.56 
1 16 1.936e-03 disp 1.7633 90224.92 
1 17 9.679e-04 disp 1.3111 90838.73 
1 18 2.130e-03 disp 0.3100 91433.30 
1 19 1.937e-03 disp 2.0000 92029.15 
1 20 1.878e-03 disp 1.1563 92629.14 
1 21 2.201e-03 disp 0.4659 93259.77 
1 22 1.717e-03 disp 1.9317 93867.30 
1 23 1.407e-03 disp 1.1830 94459.80 
1 24 1.874e-03 disp 0.4310 95056.90 
1 25 1.531e-03 disp 1.9547 95652.91 
1 26 1.326e-03 disp 1.2049 96248.52 
1 27 1.776e-03 disp 0.4179 96888.93 
1 28 1.464e-03 disp 1.8692 97496.31 
1 29 1.141e-03 disp 1.1654 98078.31 
1 30 1.528e-03 disp 0.4215 98702.92 
1 31 1.295e-03 disp 1.8562 99343.00 
1 32 9.244e-04 disp 1.2414 99971.14 
1 33 1.420e-03 disp 0.3686 100563.38 
1 34 1.281e-03 disp 2.0000 101165.61 
1 35 1.157e-03 disp 1.1855 101759.79 
1 36 1.378e-03 disp 0.4545 102357.83 
1 37 1.137e-03 disp 1.7369 102951.23 
1 38 6.957e-04 disp 1.2327 103544.28 
1 39 1.051e-03 disp 0.3550 104144.75 
1 40 1.075e-03 disp 2.0000 104731.26 
1 41 9.414e-04 disp 1.2097 105322.52 
1 42 1.180e-03 disp 0.4350 105911.62 
1 43 1.022e-03 disp 1.8681 106494.38 
1 44 7.580e-04 disp 1.2025 107079.74 
1 45 9.449e-04 disp 0.4193 107659.66 
1 46 8.896e-04 disp 2.0000 108239.81 
1 47 8.058e-04 disp 1.2912 108821.23 
1 48 1.008e-03 disp 0.4112 109410.06 
1 49 8.456e-04 disp 1.7452 109992.40 
1 50 6.588e-04 disp 1.1897 110577.27 
1 51 8.297e-04 disp 0.3732 111158.40 
1 52 7.645e-04 disp 1.9260 111739.55 
1 53 6.134e-04 disp 1.2496 112329.28 
1 54 9.193e-04 disp 0.3899 112910.54 
1 55 8.285e-04 disp 1.9288 113490.87 
1 56 7.609e-04 disp 1.1569 114075.87 
1 57 7.917e-04 disp 0.4463 114655.20 
1 58 6.786e-04 disp 1.5496 115235.77 
1 59 3.341e-04 disp 1.3583 115832.10 
1 60 6.685e-04 disp 0.1740 116413.85 
1 61 7.138e-04 disp 0.1000 116994.53 
1 62 6.854e-04 disp 2.0000 117572.04 
1 63 7.156e-04 disp 1.1643 118152.33 
1 64 7.806e-04 disp 0.4356 118732.79 
1 65 6.787e-04 disp 1.6316 119312.31 
1 66 4.740e-04 disp 1.1759 119894.85 
1 67 5.929e-04 disp 0.3440 120473.44 
1 68 5.686e-04 disp 2.0000 121050.57 
1 69 5.737e-04 disp 1.2385 121631.49 
1 70 7.902e-04 disp 0.3891 122211.70 
1 71 6.574e-04 disp 1.5141 122791.96 
1 72 3.750e-04 disp 1.1212 123377.39 
1 73 4.961e-04 disp 0.3428 123959.62 
1 74 5.111e-04 disp 1.0782 124537.20 
1 75 2.002e-04 disp 1.2524 125114.35 
1 76 4.495e-04 disp 0.1000 125690.58 
1 77 5.171e-04 disp 0.1000 126264.96 
1 78 5.111e-04 disp 2.0000 126843.28 
1 79 3.841e-04 disp 1.3162 127424.28 
1 80 6.240e-04 disp 0.3461 128006.96 
1 81 5.711e-04 disp 1.7395 128586.90 
1 82 5.526e-04 disp 1.0823 129170.99 
1 83 4.555e-04 disp 0.4413 129751.36 
1 84 4.186e-04 disp 1.6158 130329.57 
1 85 2.778e-04 disp 1.2992 130921.96 
1 86 4.659e-04 disp 0.2555 131502.35 
1 87 4.982e-04 disp 0.1000 132079.32 
1 88 4.758e-04 disp 1.3839 132653.48 
1 89 2.719e-04 disp 1.2295 133269.39 
1 90 3.542e-04 disp 0.1853 133842.64 
1 91 3.878e-04 disp 0.1000 134418.10 
1 92 3.656e-04 disp 0.8517 134991.57 
1 93 2.394e-04 disp 1.4093 135561.39 
1 94 2.589e-04 disp 0.1000 136136.41 
1 95 3.091e-04 disp 0.1000 136706.66 
1 96 3.121e-04 disp 0.1000 137283.46 
1 97 2.978e-04 disp 1.6872 137857.23 
1 98 2.220e-04 disp 2.0000 138455.46 
1 99 5.110e-04 disp 0.1000 139033.79 
1 100 5.965e-04 disp 0.1000 139623.04 
1 101 5.674e-04 disp 1.3546 140194.50 
1 102 3.543e-04 disp 1.0152 140787.90 
1 103 3.307e-04 disp 0.3883 141365.97 
1 104 3.362e-04 disp 0.2802 141940.02 
1 105 3.138e-04 disp 1.7083 142513.18 
1 106 2.245e-04 disp 1.5939 143138.94 
1 107 4.432e-04 disp 0.1000 143717.82 
1 108 4.953e-04 disp 0.1000 144291.25 
1 109 4.755e-04 disp 1.2332 144865.38 
1 110 2.796e-04 disp 0.9647 145456.40 
1 111 2.860e-04 disp 0.3466 146032.56 
1 112 3.074e-04 disp 0.1000 146604.87 
1 113 3.152e-04 disp 0.1000 147178.60 
1 114 3.005e-04 disp 1.4645 147748.64 
1 115 1.867e-04 disp 1.5716 148364.30 
1 116 3.371e-04 disp 0.1000 148937.57 
1 117 3.716e-04 disp 0.1000 149510.85 
1 118 3.644e-04 disp 0.9838 150081.79 
1 119 2.043e-04 disp 1.1237 150678.68 
1 120 2.246e-04 disp 0.1000 151252.83 
1 121 2.618e-04 disp 0.1000 151820.17 
1 122 2.515e-04 disp 1.5099 152391.22 
1 123 1.779e-04 disp 1.4975 152993.71 
1 124 2.990e-04 disp 0.1000 153571.98 
1 125 3.366e-04 disp 0.1000 154145.73 
1 126 3.251e-04 disp 1.3753 154719.98 
1 127 2.828e-04 disp 1.1416 155347.65 
1 128 2.543e-04 disp 0.2592 155916.88 
1 129 2.742e-04 disp 0.1000 156486.62 
1 130 2.723e-04 disp 1.2631 157054.78 
1 131 1.660e-04 disp 1.3663 157663.54 
1 132 2.736e-04 disp 0.1000 158239.84 
1 133 3.052e-04 disp 0.1000 158814.61 
1 134 3.031e-04 disp 0.8045 159403.71 
1 135 1.455e-04 disp 1.1051 160010.65 
1 136 1.835e-04 disp 0.1000 160623.12 
1 137 2.090e-04 disp 0.1000 161223.81 
1 138 2.149e-04 disp 0.1000 161793.26 
1 139 2.034e-04 disp 1.0889 162414.47 
1 140 1.526e-04 disp 1.8540 163016.66 
1 141 2.512e-04 disp 0.1000 163639.12 
1 142 2.885e-04 disp 0.1000 164243.88 
1 143 2.900e-04 disp 1.3096 164838.78 
1 144 2.022e-04 disp 1.2184 165519.22 
1 145 2.789e-04 disp 0.1015 166163.08 
1 146 3.343e-04 disp 0.1000 166781.51 
1 147 3.197e-04 disp 1.2803 167420.94 
1 148 2.103e-04 disp 1.1292 168075.22 
1 149 2.297e-04 disp 0.2031 168684.84 
1 150 2.419e-04 disp 0.1000 169247.88 
1 151 2.523e-04 disp 0.1000 169823.14 
1 152 2.434e-04 disp 1.1767 170421.33 
1 153 1.446e-04 disp 1.3138 171069.28 
1 154 2.406e-04 disp 0.1000 171670.05 
1 155 2.682e-04 disp 0.1000 172251.16 
1 156 2.557e-04 disp 0.8347 172823.04 
1 157 1.468e-04 disp 1.1204 173389.76 
1 158 1.483e-04 disp 0.1000 173951.55 
1 159 1.736e-04 disp 0.1000 174498.90 
1 160 1.781e-04 disp 0.1000 175047.77 
1 161 1.735e-04 disp 1.1536 175597.06 
1 162 1.617e-04 disp 1.7667 176182.40 
1 163 2.392e-04 disp 0.1000 176754.21 
1 164 2.732e-04 disp 0.1000 177319.96 
1 165 2.632e-04 disp 0.8162 177885.02 
1 166 1.612e-04 disp 1.0794 178450.74 
1 167 1.516e-04 disp 0.3308 179019.99 
1 168 1.586e-04 disp 0.1000 179577.45 
1 169 1.724e-04 disp 0.1000 180140.18 
1 170 1.607e-04 disp 1.0589 180696.62 
1 171 1.374e-04 disp 2.0000 181263.79 
1 172 2.049e-04 disp 0.1000 181836.33 
1 173 2.307e-04 disp 0.1000 182394.42 
1 174 2.877e-02 wss 0.2406 192009.74 
0 0 4.870e+01 disp 1.0000 3808.23 SG
