wall_inlet wall_outlet wall_outer wall_inner 
1.34319303 1.34458318 1.360431E1 1.137612E1 

6.218158E1 5.371765E1 1.000000E2 0.00000000 
4.780937E1 5.017790E1 1.000000E2 0.00000000 
5.369858E1 5.181194E1 1.000000E2 0.00000000 
5.153226E1 5.108125E1 1.000000E2 0.00000000 
5.218821E1 5.139568E1 1.000000E2 0.00000000 
5.207917E1 5.126699E1 1.000000E2 0.00000000 
5.202813E1 5.131597E1 1.000000E2 0.00000000 
5.210152E1 5.129949E1 1.000000E2 0.00000000 
5.204458E1 5.130367E1 1.000000E2 0.00000000 
5.208086E1 5.130358E1 1.000000E2 0.00000000 
5.206012E1 5.130267E1 1.000000E2 0.00000000 
5.207110E1 5.130357E1 1.000000E2 0.00000000 
5.206564E1 5.130292E1 1.000000E2 0.00000000 
5.206820E1 5.130333E1 1.000000E2 0.00000000 
5.206707E1 5.130309E1 1.000000E2 0.00000000 
5.206753E1 5.130323E1 1.000000E2 0.00000000 
5.206737E1 5.130315E1 1.000000E2 0.00000000 
5.206742E1 5.130319E1 1.000000E2 0.00000000 
5.206741E1 5.130317E1 1.000000E2 0.00000000 
5.206740E1 5.130318E1 1.000000E2 0.00000000 
5.206741E1 5.130318E1 1.000000E2 0.00000000 
5.206741E1 5.130318E1 1.000000E2 0.00000000 
5.206741E1 5.130318E1 1.000000E2 0.00000000 
5.206741E1 5.130318E1 1.000000E2 0.00000000 
5.206741E1 5.130318E1 1.000000E2 0.00000000 
5.206741E1 5.130318E1 1.000000E2 0.00000000 
5.206741E1 5.130318E1 1.000000E2 0.00000000 
5.206741E1 5.130318E1 1.000000E2 0.00000000 
5.206741E1 5.130318E1 1.000000E2 0.00000000 
5.206741E1 5.130318E1 1.000000E2 0.00000000 
5.206741E1 5.130318E1 1.000000E2 0.00000000 
5.206741E1 5.130318E1 1.000000E2 0.00000000 
5.206741E1 5.130318E1 1.000000E2 0.00000000 
5.206741E1 5.130318E1 1.000000E2 0.00000000 
5.206741E1 5.130318E1 1.000000E2 0.00000000 
5.206741E1 5.130318E1 1.000000E2 0.00000000 
5.206741E1 5.130318E1 1.000000E2 0.00000000 
5.206741E1 5.130318E1 1.000000E2 0.00000000 
5.206741E1 5.130318E1 1.000000E2 0.00000000 
5.206741E1 5.130318E1 1.000000E2 0.00000000 
5.206741E1 5.130318E1 1.000000E2 0.00000000 
5.206741E1 5.130318E1 1.000000E2 0.00000000 
5.206741E1 5.130318E1 1.000000E2 0.00000000 
5.206741E1 5.130318E1 1.000000E2 0.00000000 
5.206741E1 5.130318E1 1.000000E2 0.00000000 
5.206741E1 5.130318E1 1.000000E2 0.00000000 
5.206741E1 5.130318E1 1.000000E2 0.00000000 
5.206741E1 5.130318E1 1.000000E2 0.00000000 
5.206741E1 5.130318E1 1.000000E2 0.00000000 
5.206741E1 5.130318E1 1.000000E2 0.00000000 
